58854
79070
56220
54452
85416
42308
94502
47880
30622
76180
47670
7864
59198
74038
61480
74596
7284
70742
354
20444
56456
67062
96510
99910
11844
11786
22266
30508
55326
60814
96140
43588
76598
37454
89718
1550
89834
62270
63642
25938
28230
51062
67002
48924
99948
74886
85534
3684
35088
72874
1824
48096
26752
47268
1216
62568
45454
77164
63908
36602
77300
62836
46966
93806
23862
11670
59700
52178
31660
15866
55670
43652
90448
97010
89636
26364
14138
75846
3790
78494
28258
46828
62700
18180
18750
87916
33680
77984
1142
97048
33836
48766
13278
35206
40816
61176
40354
80630
39808
52150
55614
70346
26724
12364
39756
29918
20878
64420
59990
47198
55788
15074
9924
5678
61252
21202
89822
64612
16680
79692
75792
54962
78086
91088
53710
42456
46602
76084
31848
91468
70346
91526
39804
38414
38506
95750
73994
47658
81808
79044
43910
11206
77326
65948
65324
78280
67942
88978
23212
62788
12144
54330
86354
85852
35298
63984
46804
38956
98218
23494
17324
28472
54338
5608
51442
8470
75952
9100
89706
54036
30638
31758
35464
76884
31198
43216
12458
13726
24744
9030
82910
6552
23680
82028
88
13090
99024
3102
40942
9388
94634
99686
83772
40446
71574
50970
49922
16810
60626
86450
19964
95986
65678
74960
46312
98856
51664
20022
79910
3264
68612
43062
21192
50976
52374
27704
56746
30052
50852
17986
86732
81116
36128
67032
264
37324
61384
90984
1286
42846
90362
50814
15596
48310
79758
88474
28216
52048
100
8078
80554
18718
26536
7878
65172
31628
9670
89210
45648
21620
83762
58406
31256
3264
15882
46252
72150
51166
17522
53706
95892
49414
84230
1388
49032
6832
40692
13826
88616
640
96580
42512
83366
62328
56162
64406
65108
6938
65724
6230
43548
47984
23008
34600
37852
4858
85726
55570
1154
82032
30022
14362
53946
20314
32104
19846
66574
8382
47394
60516
46826
22612
7186
94188
54134
17478
68000
79700
20020
49262
42090
43866
91610
39806
39778
608
37824
6662
35232
14260
81412
88360
23346
98950
25426
22528
83802
99918
84196
90728
78092
62826
34972
77292
43304
43072
68566
44800
28380
12424
74116
37664
40832
32436
18302
12128
39360
66010
30318
81026
57242
22602
21500
67468
53118
25498
96528
48938
27988
22256
63954
35436
46476
59494
74840
61122
32296
72124
13554
86718
20
5864
80392
72354
50506
15716
10926
2436
38476
43868
