84141
22827
99233
88127
89913
86689
21693
6755
40981
43413
53871
99643
49711
91367
93215
76461
46979
80925
6207
92169
92247
2829
19773
76435
28343
71997
14815
51653
27139
99241
2437
72311
42241
74199
29425
81505
82645
25339
96505
42521
47327
86823
17265
2619
89375
58587
38715
86881
98629
89315
67625
15129
17971
38965
44439
24887
7511
14921
63011
23861
91103
11507
48191
74647
18053
47899
46181
94563
75497
75907
72191
42755
38631
20071
81825
23649
36269
56733
71739
45965
88521
92729
84087
47007
71783
12821
90991
84845
52143
85153
37767
70597
40719
65267
88019
62199
11621
44791
48289
805
5333
4855
16599
17449
7915
34745
35221
41871
18063
71393
42159
56071
57403
85389
67517
28261
2521
28729
6411
1239
45475
92319
21361
16197
49177
10415
33935
12299
28631
53355
89745
94639
95877
18227
84075
65953
5829
63949
33683
67645
83101
11729
79073
92713
3519
42073
56083
71021
50373
25703
14331
10107
65887
61359
43849
20287
47983
57991
3927
66633
4549
94487
55173
87519
87451
78581
85825
75561
41611
21129
67925
28227
42721
58341
14973
88269
83519
85485
48595
24961
45941
1145
4761
38113
80407
3561
41973
75237
60785
7619
32115
64923
96729
64675
55051
50183
93745
2229
83293
29651
98107
33815
27703
60701
96483
34317
38381
60881
15513
82087
55539
83065
35105
43267
63555
14573
29869
94383
29487
15781
76421
73543
54827
13233
79547
13385
27375
9307
4331
80493
31111
29671
31307
55991
61887
89739
43329
48443
23125
76701
40357
55407
57269
80711
16185
41815
56957
34771
16263
20869
9517
21783
91317
76027
99089
62199
9121
9777
65809
91519
55671
77491
68507
39857
62393
65833
39991
75171
27833
37271
15035
79975
11689
26869
31141
4503
47277
81309
29015
43127
98931
6325
13183
75053
65245
61711
65605
42843
34891
35651
9047
20861
17053
10475
96095
67503
11489
94209
81441
97593
73183
72791
27649
35361
80233
84483
41509
65009
56493
16369
41523
60099
71623
71081
15051
21067
43369
91171
23935
92291
49803
19093
2653
67245
70591
3375
92171
62511
92215
97701
32987
98185
30403
22733
81275
82905
69479
77979
6419
35917
64665
96701
82285
15371
98091
12445
98619
51163
52651
78935
58913
8731
26227
1099
20281
53695
51093
94419
22211
94117
58629
88101
51549
38303
87887
88641
39101
40247
75221
2547
547
70271
52169
57223
4601
43009
24605
78117
21565
47709
20507
22605
45231
47327
91205
94997
10039
26757
20253
99961
29973
46053
36523
42503
21045
99353
29741
11805
72027
30847
20651
63855
14571
93325
15833
65647
69557
41891
52921
32949
13951
90995
59097
53569
30359
34361
14683
73795
58845
38291
40259
28567
44113
88421
91173
31697
55585
26793
47259
50301
29449
797
33107
38059
55435
49297
80235
23987
60209
75803
74545
79983
80023
14035
14637
10021
34873
31883
59243
45781
49719
24799
44661
74555
11377
4053
79153
41941
32203
28715
41907
99859
27041
54873
25849
56683
60067
30725
87451
90631
71605
85437
40067
39963
54081
71159
53977
35785
43081
4391
83939
20675
46709
44719
12893
36777
1959
26821
1945
62013
21793
53165
40965
65581
54669
9709
20629
96133
96331
67593
5369
53765
69571
85987
9997
74287
78343
29355
42769
12791
30139
89829
21595
45547
77407
43581
65365
61071
40273
77885
4955
71343
48661
29409
72543
72261
72763
53121
98735
98007
98611
34193
40519
26839
42645
43403
56159
59941
13951
4265
51095
5287
43379
15695
15207
97517
72229
11745
33575
2143
95749
70779
99073
64603
31251
34079
2535
50341
16813
10763
62137
83323
50505
79425
29141
64493
64561
65049
81671
78635
42091
60577
27959
78499
15467
6731
74219
36927
32369
8089
67783
65225
51905
70453
99559
58825
80625
68049
22339
58407
66037
33377
68987
40985
12653
8631
88953
40175
40557
17237
33311
66219
36935
43105
63819
42209
27049
13829
44231
25731
20927
2517
62965
92553
76037
67419
40967
54983
30183
51729
41491
40387
73529
4093
75231
11081
86185
44883
99687
71109
1313
78241
82925
84167
91181
96257
52903
22219
84605
51383
52935
91481
5955
3067
58823
43229
43981
50371
10605
90085
62429
79167
49973
93487
60855
79127
39507
99617
6797
55537
48699
65227
46557
82857
4209
95965
17403
13039
82069
67171
21663
91731
94711
1121
29429
19637
12617
76101
22263
63127
44051
59929
9643
88561
73565
95791
54219
85759
96447
43129
99587
86809
88365
61059
17091
72759
56693
16663
34031
7561
88975
47843
54973
69213
80031
14357
48855
67819
6465
93863
93833
92315
33729
51655
72901
5863
90621
31345
30825
45347
89597
39877
93771
57897
26693
25011
44315
58465
99869
70233
31441
24203
13093
69163
71015
13319
71319
97371
85655
12359
74611
24859
13399
54213
9221
3045
52235
67583
78579
35737
31135
34609
95317
32499
5473
45459
59145
61113
23889
40135
68841
59535
77131
72441
28363
49595
28269
92919
93979
67743
96023
49805
98119
61221
91121
97215
13741
36359
5339
25149
3751
62329
19629
48535
71053
75167
30701
40239
40549
95555
51447
26209
10713
96853
87207
5089
10631
75853
58393
75015
93713
79861
62325
10697
32151
15175
44207
49997
62061
51621
59941
65871
65287
21183
25201
9425
18577
87505
35997
60485
909
18891
87945
693
87233
16043
55943
62527
19741
55373
14515
35805
68229
94423
51937
99323
31659
51207
48509
6407
90457
6643
98355
66055
27169
86975
5503
96667
77919
28913
13955
58187
61775
59419
56445
99939
96197
64139
59515
5537
67587
70533
19163
91393
97149
79037
87967
45587
5331
31599
34431
22543
19819
86955
44461
76975
47899
97309
81255
24373
74361
97543
96505
92127
38841
77613
26755
90859
53539
87837
99269
30881
56335
52443
40803
10217
28909
75413
43215
81715
3201
97461
20177
29477
87105
40019
85571
74509
31389
61549
9901
11079
33669
71503
69071
74851
4149
99419
47935
36729
22857
62913
34415
20025
53795
61491
63311
42413
22793
82015
54357
47933
17773
58717
55437
56555
89485
60831
94323
99181
18225
1755
93561
39385
34683
43041
6865
70725
97377
68433
93669
99753
17085
72713
67363
62173
74065
40683
72827
67243
59881
40411
27911
17163
89397
98767
24513
16989
93051
83267
79987
37217
30567
36055
26439
90923
93489
81573
14171
21587
55719
39083
7905
52509
85419
10335
96823
79539
92227
58197
58149
99659
66609
42913
65265
16779
63433
17495
84803
20059
2093
61079
23151
70723
32563
40427
94531
9135
26117
64067
91607
48845
67249
81449
8611
9321
66999
26415
39717
10313
57461
74759
14355
59675
3135
5331
6997
82077
253
28151
13815
45199
32367
45245
94383
41859
44755
59931
76169
96355
83799
78595
33963
48237
40055
45317
26167
66015
84543
7453
19535
56283
80797
94151
23003
61545
82215
34599
98225
10525
57039
24301
51833
33403
84879
3013
19587
64205
32795
8215
75471
15777
3989
27715
65473
86057
61147
36423
57059
86727
24807
52227
7751
52429
90871
93987
60489
63007
601
7307
94303
47617
37545
69795
6337
67435
51099
76799
68247
17859
45455
15063
57251
30931
23647
19051
4603
84297
35285
83649
86263
35991
95605
58505
73521
88149
97363
86257
29641
1653
95753
37059
40417
94175
10509
78685
52945
97053
70603
50061
54203
82477
72809
76551
45573
59161
81655
72953
54257
44683
17571
85463
26873
95999
82197
40287
66973
25655
22517
58599
64521
75845
21947
10303
60371
35369
80519
62297
13885
32175
64207
5647
34859
37331
69797
52751
69297
42655
10757
36359
30085
25573
94679
45925
22971
26431
45541
78641
15267
93841
23363
47335
60353
23579
77367
98737
35385
58539
58135
56747
20137
87955
24549
67431
80897
69733
22649
71979
8657
55711
52969
60543
37001
20489
18613
19783
63893
85047
68203
34267
82999
25123
57287
87433
91053
23653
5713
28963
10183
50665
75639
67195
21349
43313
25251
41271
57107
15537
74379
80631
6281
86573
54389
51935
29697
27083
85433
78985
54171
86161
23825
31981
24809
92593
2873
42295
49367
22007
26099
57425
23393
14005
26231
68669
99215
44953
58323
10701
86741
84855
69467
82159
47133
96709
60113
9137
11693
65905
87601
97553
64573
45349
85143
98579
54451
35307
64533
71417
62375
15573
32965
47225
1531
33917
87409
44223
46041
54567
91009
97185
89809
5047
60421
89291
17599
74049
34301
53475
99457
68209
17137
10693
43415
4923
79905
68165
25177
11179
65445
49721
33421
98293
19267
70033
46051
55787
87701
54975
71367
40411
69949
45027
19669
81571
90559
61663
99805
67779
56783
87745
1373
38641
68219
28459
80359
24431
50471
77615
98255
61447
81941
60253
99331
94303
78929
51713
64791
45035
45825
26785
4413
67753
40513
78317
72927
87917
71655
32241
61047
47099
25307
85745
99375
94053
89105
10165
59193
4665
34555
37027
36681
77843
93427
85717
55111
39449
43187
79257
95075
50173
69671
24219
90601
67561
41027
11345
49641
30649
14597
61155
26345
97645
84277
80071
82033
38765
13165
51577
82825
23385
30307
43497
99571
73817
16143
71169
84693
39175
45133
77009
44185
53447
69287
27721
49421
56831
10563
74949
97979
8199
99325
68805
97901
29511
9205
85233
97981
48055
29935
18433
39833
22127
20481
41819
72687
31053
37125
94359
39613
7005
25699
98857
3681
52331
94897
97313
77585
3895
27727
57485
17237
70093
4061
33473
33147
41637
50179
96549
15367
35051
80507
9663
61635
42933
9247
34545
87167
65785
95963
45417
97129
9079
51829
47569
37721
62575
24415
7425
22253
68219
61509
74873
6439
24057
35339
88399
23721
42865
61077
24299
66615
87801
47047
16195
22703
59015
82679
13545
63555
6517
19699
11263
78977
80275
52609
23925
30437
9555
56341
51687
53099
44473
